7975,14196,16342,7837,18067,4343,11555,13651,12784,4147,8023,6597,15915,16965,10996.0,19986,12131,11359,5290,10109,5402,8167.5,10933,15427,8546,14128,11314,13769,2899,12693,10383,16985,5368,6099.0,9935,17201,19429,10627.5,7776,10335,14643,9855.5,5068,9342,15561,14464.5,13368,14999,15935,9716,8434,11680,5032.5,9588,17099,5240,18703,12247,11617,17886,4693,17564,8791,17033
3156,9996,18001,7914,16078,8945,19132,3200,8250,14647,11298,16181,8265,18346,4315,7471,5286,6689,9284,12172,15718,11775,8574,6320.0,4066,16801,7801,19316,15462,4878,18170
4276,5675,17615,11079,16435,11457,11252,10302,6187,9631,6088.5,2546,17482,16016,19893,10183,8161.5,6140,19989,3446,8909.0,14372,17454,5702,17107,8755
16441,14474,10812,10128,4419,5458,2610,19857,11425,5935,11678,9909.0,17680,10781,8411,7307,19695,5517,7579.5,9642,10482,16427,14702,9164,3913,12450,6673,2942
10422,15109,6672,11585,2580,16348,19929,13743,13587,8137,4687,5500,13985,12106,13930.5,15755,4090,16829,8640,19229,7748,6019.0,4290,14642,10769,12145,4354,15424,10873.0,6322,8049,18475,15789,7549,17162,19500,14508,8310,11669,11955,11352,13237,7754,16255,19372,17303,12080,15766,18629,14211,10267,9209,6536,6271,10463,15852,17890,18330,11124,7423,7163,13578,4681,11349,12719,13416,5586,17891
15350,12240,11867,12940,7666,19415,16465,11896,16072,18043,19051,5575,13393,13594,15573,15174,18469,15554,5183,11549,17197,6107,3728,17982,17519,8948,13672,3942,17126,18637,13704,8765,7624,5655.5,3687,11495,13872.5,16250,11416.5,6583,13400,10814,15011,5412,14531,12444,4643,12271,19687,15851,16818
7185,9422,15533,6619,10539,12900,19367,9242,11807,13760,13347,10337,3801,11857,5424,5363.0,5302,3778,8635,19530,10296,9239,14391.0,19543,16149,7942,19897,3270,17501,6330,8543,2878,11081,16422,11193,6680,10175,17919,14865.0,11811,18544,4998,9079.5,13161,4623,17981,13128,4018,9454,5675,8977,3985,3946,7270,16573
3036,18000,6813,14728,19744,15108,14209,19633,7189,6351,18885,12511,14259,3257,3089,17567,14584,4411,7241,8659,18180,8460,8172,4973,8906,12282.0,15658,12824,9620,14103,4303,4043,13620,13857.5,14095,17541,12669,11893,12085,14577,3573,9020,18413,3027,2782.0,3214,5083,8754,15096,18330,18681.5,19033,14186,4609,18933,8753,5644,13370,8667,8243,13591,18693,14389
15045,14591,15669,6597,16900,9951,17998,5476,17164,17534,15479,15757,14898,17451,5588,3823,12151,15985,13029,19356,18250,17328,7381,6926,9050,8478,16101,9620,17039,15210,7959,16151,3995,15363,13981,19321,11799,8254,2953,11736,5834
14625,15783,11729,14532,10237,7619,7349,13868,11060,14924,15972,4968,12130.0,19292,19536,8440,12202,14123,4263,13690,11156,16276,16039,10065,5413,19362,4294,19682,14218,8106,8792,9546,11678,8249,6130,3830.0,13446,10946,3566,11305,14596,10812,6212,17887,14151.5,10416,13089.0,15762,15263,18227,5720,16186,7231,9343,3150,3894,15555,8905,17130,8065,11511.0,14957,14476,12136,8967,4885,10002,7336,8621,8344,4418,18585,12080
19884,19752,16786,7460,2811,19948,4284,14924,3577,18031,10488,4541,19325,6062,5522,15448,9486,13461,17856,11629,17130,11050,18182,12664,5100,2867,9389,14572,5758
9617,3689,13427,17646,8310,11398,16537,5099,13519,16105,11408,19567,18972,2763,18227,6451,8291.5,10132,13774,4922,12978,11668,14673,17032,16520,11464,15985,4165,12792,14291,5698,17659
4879,16781,9135,8792,17402,6894,6497,11469,17026,11768,9795,9813,17851,5566,13418,15038.0,16658,9414,5958,19312,9285,3885,16621,7559,13869,15762,15883,10789,5875.5,4346.5,7731,16840,15897,3526,7367
10323,2698,15407,4608,9014,19547,8112,19746,9348,8434,9401,13071,18862,10325,6225,9714,6583,7231,18072,7822,9971,4102,17892,5538,14634,8634.0,2634,16819,9259,10287,13158.5,16030,9871.5,3713,12818,7446.5,4893,11207,5718,17471,14510,10224,16359,5119,11088,12093,19785,18375,15226.5,12078,10746,11094,8662,11499,8269,3596,18864,13955,4466,13320,16280,11561,17664
19741,14850,19171,18586,16425,13704,3206,8677,5311,6458,10105,6069.5,5953,6476.0,6999,19905,11133,10561,10271,8630,8294
10887,7918,18715,10610,17320,16569,6481,6093,15468,14569,17638,12158,19625,16128,17867,7418,8165,9993,16690,17335,6413,17815,11696,19217
6313,17127,10782,2760,5120,12473,19859,12348,4662,10276,13181,3818,6172.5,8527,10988,18235,5200,7977,19744,7825,4180,5669,5527,6334,9533,5721,9778.0,13835,15003,16897,5792,13632,17610,19312,5814,7219,18267,14630.0,10993,9819,14099.0,18379,16062,16043,8290,15707,17955,8902,11024,13262,10115,17598,16109,12326
6328,4045,16778,19338,12925,19533,7997,17197,11878,7020,19253,3668,4870,19495,3775,16213,11106,10414,8648,16420,14495,2549,8995.5,15442,5956,13893,18767,13406,8676,18961,17111,10160,19261,14960.5,10660,12672,12156,13169,7119,8029.5,8940,6067,11515,7617,15391,11625,2935,14378,17079,2709,4751,5704,5584
4874,7545,16055,16068,18141,17002,3925,14934,4232,14530,19612,12711,4320,6660,8046,6931,14296,13521,5889,4565.5,3242,8089,7641,19673,5905,4073,11417,7151,4505,14112,11225.5,8339,11673,18394,16958,14585,13773,19562,11737,5283,9495.5,13708,7051,11642,8999,11291,18948,3192,2668,10327,13200,16610
14835,6393,5545,13273,13685,15779,19320,5274,18034,7137,19106,8198,5275,7130,8757,11074,13465,7265.5,18944,17478.5,16013,13950,12595.5,11241,9676,15741,17519,12716,11315,4885.0,7503,13297,6774,6727,10986,3317,7793.0,13518,13882,13125.0,12368,12869,18037,18466.5,18896,5770,10468.0,19629,5592,4450,8919,15349,19490,9426,3178,4166,17594
19933,17468,11111,14447,18030,15436,11049,14404,14715,16099,8655,19696,5516,5469,16209,12381,15554,12364,17484
13527,10531,11095,17303,2782,10364,15174,10194,12805,5100,3579.5,5517,6133,2875,14027,18441,14330.5,10220,19493,10151,3422,6810,5934,9852
14326,8903,15332,14012,10525,15438,3122,4591,17174,11803,15371,19869,12319,4248,16434,17847.5,19261,13164,3337,19495,2965,7083,7449,9390.5,11332,8299,12255.0,16211,6048,5620,18054,19069,17874,15230.5,12587,15673.5,18760,17922,2805,3130.5,3456,8948,2617,4386,17395,8579,15090,14426.0,13762,15963,19716,14860
4634,12552,10487,6992,15050,18548,15528,7957,12804,2564,6661.0,10758,5836,3550,17950,13308,8476,16604,6812,4311,16299,16309,6089
9767,4719,11981,10918,7379,19197,12874,9687,2681,15813,19980,13697,7573,12956,7485,18484,14371,18900,18526,6029,18716,16203,17839,7958,7153,12656,3174,13743,7684,12929,6428,8208,8037,18389,5309,10093,5595,9856,18675,2902,3697,18471,4599,11280,9396
10275,6593,13645,3435,15207,10107,16011,2528,3650,18955,15743,18230,16732,13688,19910,13268,12420,6968,14653,12882,17366,18968,17724,5173,3088.5,5216,14601,11336,11880,10527,18162,8356,5691.5,9916,5850,13214,4196,14551,7879,19766,3131,4166,6718,8963,8746,9613,14563,6878,12076,6556.5,10074,2824,15370,19517,13704,13908,3968,10483.0,16998,11569,8224,10188,16752
13321,15789,5751,2757,3443,15718,15262,5194,11368,12765.5,14163,14412.0,14661,11836,18136,13846,19520,18390,13840,14701,18862,14681,9184,10898,10368,3251,12112,7145,17716,3496,19274,4616,9575,3724,5524,6954
2517,13666,12259,12155,5115,14873,3127,14121,13901,14887,9367,16801,15535,11334.5,7134,5168,4190,10909.0,17628,5221,3012,5362,7014,12579
7698,5086,10012,7519,5872,9614,19059,9141,4228,9852,12835,6749,4384,14574,8261
15343,10967,11341,15294,13472,9231,3649,4872,8582,17616,15866,10065,16995,12057,10353,8841,14771,8316,18210,4082,18546,7277,16165,12223,3309,5100.0,6891,7100,3125,10832,9677,4337,9060
10167,18986,2933,12294,5591,7160,10966,4397,19696,14615,17727,12899,19561,19641,13077,19822,11429.5,3037,4477,18131,6295,3241.0,3647,11249,9671,8500.0,7329,10227,18212,19620
12731,9014,17360,12432,18748,12609,6366,13192,15219,14514,19701,14310,8382,15340,4110,12852,9852,11925,7604,15448,12365,12109.0,11853,12031,2581,15529,8696,5434,7469,9198,13698,18129,11714,12798,3893,14478
16970,4437,19176,3631,19381,7489,6333,12861,18812,10234,14414,6519,7988,10650,15241,18918,4178,2592,14455,8523,4290,10529,11699,19593,3264,5400
7333,9532,5122,5674,15995,4043,10761,13669,8616,5825,11756,9009,18078,14154.5,10231,12001,9042.5,6084,17067,16212,7426,16524
17629,14998,13785,10650,11569,14032,3902,5161,12244,6114,4322,6215,12367,11033,12321,3898,3186,15663
6544,8559,6458,13567,15837,9484,9916,2909,3547,18005,2555,6137,8574,11968,7242,13073,18756,18987,18706,3071,4371.0,5671,14993,5293,5441,14177
13657,3391,17719,15926,10264,15590,12695,5890,10747,13457.5,16168,11292,5683,3427,9197,12550,14898,15830,3029,8026,18422,18810,6269,4787,8559,17947,11814,3616,4930,13934,12464.0,10994,6514,11094,9227,6689,3891,10450,12781.5,15113,16623,18231,15385,4117,13038,12673
4975,2946,17273,11097,3214,18418,9771,7734,6962,5740,12327.5,18915,7046,17322,16448,13437,10190,4400,2674,13645,14734,14236,14996,15704,8910,3145,6872,14295,9360,18375,5924,6745,17081
8892,5127,14501,12045,14274,17210,8598,8636,18145,5444,16181,3755,6905,14549,4385,6369,2707,8213,7513,2926,6723,12637,13153,9497,17239,4310,13454,16711,7330,10401.0,13472,5222,9955,12797,17623,15081,16709,10578,2863,19625,2735,10094,19076,16921,13094,11017,7371,6193,8504
18590,6967,7925,9996,12712,11366,18438,4387,12864,19296,6904,8401.0,9898,9358,9752,5062,12291,8274,4282,8508,12129,19269,15959,16037,15851,14269,4226,4072,19942
18128,17630,4874,10933,6224,12438,18085,8385,10232,8601,9827,11136,10857.5,10579,6150,19610,12859,6362,5948.0,5534,7421,13514,18094,13837,10485,3781,13077,5297,12912
7794,3617,9321,15310,7295,9566,7203,18556,9510,18763,11306,14380,3822,7863.0,11904,10375,13490.5,16606,10344,11991,12605,9383,3462.0,6706,10213.5,13721,10199,15657,14613,12617,4122,10913.0,17704,16872,8862,6537,18759,11572,14598,12384.0,10170,4046,5585,2698,14682,19127,12265,18462,4167,3620,18907,3659,16014,15955.5,15897,17981,17251,15635,4603,9437.0,14271,13187,6011,13051,9319
5667,9835,13625,2720,6035,12753,12252,18377,6754,12737.0,18720,16491,13591,15833,2956,18543,17948
15274,15626,7569,19446,18552,6804,11002,5440,10020,12702,10267,11988,18484,15541,3960,9921.0,15882,13885,2567,8588,12609,11573,11191,4805,18788,12720,7651,12573
14574,14370,13227,19594,14373,6045,13469,11611,10491,14941,7826,9004,11366,6120.5,19359,15042,12653,10039,9301
18095,9527,5790,9437,4876,19845,18191,12210,12879,19582,19934,19546.5,19159,9212,16073,19523,5167.5,8142,11299,13853,13627,11733,14183,3955,12236,14136,9205,6187,9132,19834,7008,12958,5852,16493,10117
10851,5517,8516,14867,5752,13872,14799,9508,3617,4038,6206,4109,6185,12595.5,19006,14241,18767,12247,15954,6207,18698,19800,4545,8665
16919,11878,15212,7225,19626,9190,10280,10638,18696,6008,19413,5824,14750,7786,4951,4354,10726,2781,18001,2880,18496,18218,11734,15846,12898,8377,19081,8163,10794,17915,8548,19803
4182,16908,6317,17085,15910,4231,13640,17285,16878,17243,16526,8968,12558.5,16149,18907,6554,14125,14953,15164,13082.5,11001,3650,8075.5,12501,16266,13594,17696,9006,3632,15226,9486,13065.5,16645,12415.0,8185,15315,9618,12113,13874
19153,8389,19605,10640,6449,18504,3273,7347,8256,10911,12007,2534,17729,18620,12392.0,6164,16084,16887,19941,9750,9276.0,18497,14480.5,10464,16119,14935,3674,16585,3779,5681,7163,11697.5,16232,9260,11502,12043,12609,5621,8398,18003,2506,5702,8866,11727,7849,13746,12784,11929,10995,8862,5131,14563,8111,16942,5286,16195
10618,18282,5482,3142,11227,3329,16271,16763,7712,18923,6389.0,11361,18210,15891.0,13572,18715,14748,7541,18543,9479,5359,15799,10117,9024
17686,17607,17705,12940,9961,11813,15128,13606,11286,18746,11488,12328.0,13168,19488,7168,9465,9030,5624,19341
14027,3150,16039,7835,6023,12423,13614,18538,19505,8991,13913,3901,14087,8576.0,3065,5963.0,8861,7503,5833.0,10152,5397,15001,9535,18544,9615,15907,11854.5,7802,9836,13662,15852,12825,19256,15028.5,10801,14004,8459,19976,8612,7580,11739,11985,11745,10410,9946.0,9482,5075,5813,3754,16341,17727,14307,6389,11925,18484,6914,17921,3061,3498,5974,3496,3872,10601,16532,4100,2728,11428,16254,3437
18136,7548,8972,4956,11803,13747,17758,8612,4241,6883,7201,3189,16016,14915,5032,7752.0,10472,6131,6744.5,7358,17640,7754,18737,7255,14764,5058,17219,17522.5,17826,6661,19142,5413,8272,13656,10660,13439,5092,17244,19507,11557
12232,15144,9550,10657,5016,2602,5624,4300,4922.5,5545,18375,16367,2900,3875,5383,9330,7044,3593,17820,6120,3423,4598.0,5773,4152,14935,12030,19514,18393,10678.5,2964,10567,3434,8913.0,14392,16245.5,18099,10879,6478,13494,6130,16191,6898,4204,5506,3653,3619,5678,11465,2845,7532,13051,18944,3396,4072,16820,3921,16888,16764
4460,17269,15825,15201,17316,19181,10197,7846,2534,16568,11015,6882,3322,4012,5320,4293,3442.5,2592,5292,8077,14851,15599
15425,16729,16761,19076,6147,8209,12612,14611,8276,11508,8793.0,6078,13721,11050,6909.5,2769,12941,14450.0,15959,11756,19878,12159,14968.5,17778,15917,4752,17047,18021,3544,14857,12866,3818,19406,8200,12639,8147,7155,5105,17637,10567,17962,3751,15258,16033,5787,5532,3610.5,3749,17801,9408,15740,11270,16942,7107,3366,16173,19342,3256,4629,7024.5,11694,17835,19683,15761,3650,15445
7338,16351,8174,8756,15617,13363,11058,13499,2918,7590,19488,17025.5,14563,7125,9606,19795,12083,10161,19495,12444,8667,12937,2635,6894,13231.0,19568,18601,13789,8324,5201,13200,14077.5,14955,17019.5,19084,8355,4657.5,12434,14095,8272,12248.5,16225,14792,9793,16875,18742,16732,16645,7245,16321,19646,16554,10722,2552,16904,3521,12961,15119,16666,16713,3734,13413,7449.0,10829,3415,13670
17919,6468,10981,16348,9374,13616,10214,3313,3676,18416,8846,4074,19882,14202,19432,17162,4626,5212,11454,10968,7896.5,4825,12167,3270,16411,19738,8869,19585,7415,19289
11279,4444,9258,8342,6377,19011,12515,12016,3783,5228,4827.5,4427,15902,17131,9635,13187,11340,19212,4651,8506,6930,17775,7958,5389,8654.0,11919,10630,3841,12475,13501,16548.0,19595,4687,9213,14249,6349,19723,7092,8583.0,10074,4497,9840,19628,7072,17199,9523.0,6960,6401,15085,10167,16714,2567,7436.0,12552,7168,7425,10352.0,13279,15734,2671,10881,17809
13580,9859,3812,4756,8770,5151,12832,16171,15157,13563,11449,10871.5,10294,4009,17725,19839,15825,15890.0,15955,18495,5337,15691,19442,14129.5,8817,11374,12525,19294,13193,13088.5,12984,10654,16549,17511,16868,10811,15627,15895.5,16164,17592,3877,6116,12615,19240,12956,3330,2957,16175,8601,19519
19720,8990,15484,18834,9776,3985,9229,5701,12700,3096,15912,5573,4265,14875,13190,5964,13481,8427,15394,13196.5,10999,9740.5,8482,9616,18651,11456,5431,18328,15496,15717,19365,4611,18911,16616,3374,18496,13769,17198,14567,7735.5,10474,12671,18958,19612,5833,14791,8084,4025,14644,5871,4784,15011,16910
