9552817436
-2283344691
-6775264023
2431521762
935366379
-10275574870
8940558521
5076984874
-405636353
-6705301429
1419776680
-4141282589
6745977974
12467398042
2211066472
4812594734
-3415901525
1816629082
3116393776
12032011576
395295010
195140052
-10742431166
523552709
-2092238399
-4416964847
1780898878
2076361472
13857839806
-281949354
4978595336
-12962558934
-2912618487
2819746119
297544272
-1276297369
-671183561
-380725161
-3503596334
-8470022483
5346354166
-2760225522
-12569807914
-1906222011
9566788870
-19447000671
5574735945
-4468660476
3142646280
-12150819694
-12525864573
-4366568466
-9910717199
2671378996
1756600995
